1 2 2 2 2 3 3 3 3 4 4 4 3 3 3 3 2 2 2 2
2 2 2 3 3 3 4 4 4 4 4 4 4 4 4 3 3 3 2 2
2 2 3 3 4 4 5 5 5 5 6 5 5 5 5 4 4 3 3 2
2 3 3 4 4 5 5 6 6 7 7 7 6 6 5 5 4 4 3 3
2 3 4 4 5 6 7 7 8 8 9 8 8 7 7 6 5 4 4 3
3 3 4 5 6 7 8 9 10 10 11 10 10 9 8 7 6 5 4 3
3 4 5 5 7 8 9 11 12 13 13 13 12 11 9 8 7 5 5 4
3 4 5 6 7 9 11 12 14 15 16 15 14 12 11 9 7 6 5 4
3 4 5 6 8 10 12 14 17 19 20 19 17 14 12 10 8 6 5 4
4 4 5 7 8 10 13 15 19 22 24 22 19 15 13 10 8 7 5 4
4 4 6 7 9 11 13 16 20 24 30 24 20 16 13 11 9 7 6 4
4 4 5 7 8 10 13 15 19 22 24 22 19 15 13 10 8 7 5 4
3 4 5 6 8 10 12 14 17 19 20 19 17 14 12 10 8 6 5 4
3 4 5 6 7 9 11 12 14 15 16 15 14 12 11 9 7 6 5 4
3 4 5 5 7 8 9 11 12 13 13 13 12 11 9 8 7 5 5 4
3 3 4 5 6 7 8 9 10 10 11 10 10 9 8 7 6 5 4 3
2 3 4 4 5 6 7 7 8 8 9 8 8 7 7 6 5 4 4 3
2 3 3 4 4 5 5 6 6 7 7 7 6 6 5 5 4 4 3 3
2 2 3 3 4 4 5 5 5 5 6 5 5 5 5 4 4 3 3 2
2 2 2 3 3 3 4 4 4 4 4 4 4 4 4 3 3 3 2 2
